name: gait_analysis
channels:
  - anaconda
  - conda-forge
  - defaults
dependencies:
  - blas=2.5=openblas
  - bleach=1.5.0=py36_0
  - bzip2=1.0.6=h1de35cc_1002
  - ca-certificates=2019.3.9=hecc5488_0
  - cairo=1.16.0=h9247486_1000
  - certifi=2019.3.9=py36_0
  - cycler=0.10.0=py_1
  - ffmpeg=4.1.1=h5c2b479_0
  - fontconfig=2.13.1=h1027ab8_1000
  - freetype=2.10.0=h24853df_0
  - gettext=0.19.8.1=h46ab8bc_1002
  - giflib=5.1.7=h01d97ff_1
  - glib=2.58.3=h2836805_1001
  - gmp=6.1.2=h0a44026_1000
  - gnutls=3.6.5=h53004b3_1002
  - graphite2=1.3.13=h2098e52_1000
  - harfbuzz=2.4.0=h92b87b8_0
  - hdf5=1.10.4=nompi_h0cbb7df_1106
  - html5lib=0.9999999=py36_0
  - icu=58.2=h0a44026_1000
  - jasper=1.900.1=h636a363_1006
  - jpeg=9c=h1de35cc_1001
  - kiwisolver=1.0.1=py36h04f5b5a_1002
  - lame=3.100=h1de35cc_1001
  - libblas=3.8.0=5_openblas
  - libcblas=3.8.0=5_openblas
  - libcxx=8.0.0=2
  - libcxxabi=8.0.0=2
  - libffi=3.2.1=h6de7cb9_1006
  - libgfortran=3.0.1=0
  - libiconv=1.15=h01d97ff_1005
  - liblapack=3.8.0=5_openblas
  - liblapacke=3.8.0=5_openblas
  - libopenblas=0.3.3=hdc02c5d_3
  - libpng=1.6.37=h2573ce8_0
  - libtiff=4.0.10=h79f4b77_1001
  - libwebp=1.0.2=h14d73da_2
  - libxml2=2.9.9=hd80cff7_0
  - matplotlib=3.0.3=py36_0
  - matplotlib-base=3.0.3=py36hf043ca5_0
  - ncurses=6.1=h0a44026_1002
  - nettle=3.4.1=h3efe00b_1002
  - numpy=1.16.2=py36hbb3c62a_1
  - openblas=0.3.5=h436c29b_1001
  - opencv=4.1.0=py36h0cb0d9f_0
  - openh264=1.8.0=hd9629dc_1000
  - openssl=1.1.1b=h01d97ff_2
  - pandas=0.24.2=py36h0a44026_0
  - pcre=8.41=h0a44026_1003
  - pip=19.0.3=py36_0
  - pixman=0.34.0=h1de35cc_1003
  - pyparsing=2.4.0=py_0
  - python=3.6.7=h8dc6b48_1004
  - python-dateutil=2.8.0=py_0
  - pytz=2019.1=py_0
  - readline=7.0=hcfe32e1_1001
  - scikit-learn=0.20.3=py36hebd9d1a_0
  - scipy=1.2.1=py36h1a1e112_0
  - setuptools=41.0.0=py36_0
  - six=1.12.0=py36_1000
  - sqlite=3.26.0=h1765d9f_1001
  - tk=8.6.9=ha441bb4_1001
  - tornado=6.0.2=py36h01d97ff_0
  - webencodings=0.5.1=py_1
  - wheel=0.33.1=py36_0
  - x264=1!152.20180806=h1de35cc_0
  - xz=5.2.4=h1de35cc_1001
  - zlib=1.2.11=h1de35cc_1004
  - pip:
    - absl-py==0.7.1
    - google-pasta==0.1.5
    - h5py==2.9.0
    - keras-applications==1.0.7
    - keras-preprocessing==1.0.9
    - matlabengineforpython==R2018a
    - protobuf==3.7.1
    - tb-nightly==1.14.0a20190419
    - tf-estimator-nightly==1.14.0.dev2019041901
    - tf-nightly==1.14.1.dev20190419
    - werkzeug==0.15.2
    - wrapt==1.11.1
    - yapf==0.27.0
prefix: /Users/Mattia/anaconda3/envs/gait_analysis

